1000
C -48433 61040 -12059
C 25011 -40407 -8125
L 34937 -98264 32966 27758
L -54494 86368 60712 -27654
L 96518 18110 -42724 -58721
L 26545 66505 -60539 -34394
C 14235 -39056 -70122
L 45479 60163 82607 -11861
L -26414 -8226 14818 35905
L 75252 -88273 -38242 13306
L 87225 50530 25617 77221
L -65258 -48991 76953 93035
C 99354 -30256 98220
L -16021 -46887 -26394 49158
C 73356 -84545 60337
L 88986 40085 13306 -6070
L 33160 -53320 -89766 -14109
C -40949 1249 -83044
C 68735 -28055 -44485
C 26743 60897 51655
L 47955 -39065 45765 -8895
L 7937 15343 -27856 86627
L 10330 -79681 -76545 -34801
L 64224 32296 84371 -38458
L 12228 26717 8742 86325
L 47671 32996 -83978 81411
L -40660 -20774 -44867 -35293
L -79224 -29566 -40299 40983
L 61567 -7292 -39940 -81877
L -18218 -64124 -27951 -21357
L -86146 92386 24433 98738
L -12587 96900 17439 80889
L 85147 -90454 -64274 21167
L 23028 -1760 -74164 99797
L 94154 67291 -76265 -95726
L 99746 88800 -89261 -10526
L -44941 -68268 -60616 -90375
C -50449 -17451 -39402
L -38188 19245 -41121 -80649
L -93220 77174 34116 -54495
L -6452 10287 85660 19433
L 60266 -97281 51560 -84273
L -44412 9115 5742 -71247
L -33214 78387 56599 3398
L 53579 81485 79489 53539
L 65591 -54460 14776 -70315
L -6247 -50884 -67812 -68448
L -18801 26163 -52259 47429
L 95050 -12439 85963 99307
L 73088 -94658 66406 50563
L 91162 -78971 -8710 -13701
L -53265 -90359 -78356 -84501
L -63095 -48645 62755 3747
C -53619 -9169 -8939
L -98507 57446 -61143 -21920
C 757 -74015 -63608
L -5016 -60530 -65269 -45873
L 69953 -61084 19997 -42170
L -52900 37770 54507 -77520
L -52574 -59370 -52000 -23059
L 32629 -91550 -11278 72836
L -42087 -83086 1330 81783
L -43237 -93435 33058 12558
L 96015 33940 59435 -72048
L 43791 56358 92568 61240
L -65109 6816 5274 -86319
L -51947 48434 56775 35303
L 16235 -79537 72797 -22241
L 9213 -17110 -38688 34419
L -25740 32994 -80006 86569
L 61757 25854 -92468 -66514
C 85483 -3700 -79927
L -17427 12154 -84610 -89590
L -89950 -63469 9820 -41385
L -36180 68878 -20309 -8494
L 70472 -56350 -57695 -50501
L 38212 12344 -7960 -27434
L -31377 86010 64888 -12121
L 64257 -272 61857 89614
L 98494 -83600 -21608 -55817
L 68468 -4355 93707 96838
L -68776 -63011 78594 77610
L 18282 38898 -51148 -83409
L 24285 -54335 71495 24357
L 58440 -41005 -99197 99578
L 30057 -70956 27919 -48578
L -53209 37736 1580 97964
L -94149 -84176 62689 -49445
L -43432 4006 -39063 5585
L -66286 22563 -707 13718
L -17441 49750 -69557 -39101
L -31558 -65107 664 -38716
L -17259 42476 12731 -37119
L 10543 18667 65832 24712
L -68385 -39194 -68021 -61209
C 33651 12487 17555
C -66201 99579 50984
L -15075 -48591 -28478 -41679
L 43632 -54477 69833 13215
L -92228 35844 -25395 75039
L -60165 -5083 -38555 -77413
C 73985 98325 -96852
L -39184 -1464 -10057 20254
L -40340 88379 -48523 -32039
L 92334 -71455 -68470 81359
L -61402 -64380 -67174 90490
L 79137 45851 48640 -47186
L 16131 60987 -34871 -94112
L 85714 4986 -66237 -78200
L -80007 56523 -32639 -71037
L -40646 -63249 8605 -81766
L 87836 -57605 -41228 65437
L 44223 -57965 -16845 -66365
L 68153 -79046 -85289 -6033
L 923 26970 77448 -53348
C -33435 70890 -95098
C -46559 78314 -52732
L -72664 -2233 60565 -82955
L -37906 66149 -50961 59674
L -74213 31979 10372 -37806
L -2506 -30031 -22205 10886
L 88465 -7394 26164 71088
L -46181 79202 43936 5807
L 365 291 93644 36630
L 59874 58247 -63484 36822
L 89737 -69673 -2353 10142
L -47358 46602 97300 -71641
L 50081 -80272 -47055 41620
L 50590 -79231 -98173 -5897
L -90428 12809 -92767 38758
L 24714 53693 -76668 8854
L 39298 -62833 30958 22088
L -11874 70054 2061 35357
L -25159 -91596 -58483 68537
L 41011 16206 -30189 72586
L -41976 13672 -58240 -16554
L 40675 62934 93719 15540
C 31304 95648 24597
L 64578 -60788 -18755 -62849
L -11380 82230 63935 82044
L -57674 40619 -76151 -66761
L -42872 39875 -88402 -76261
L 61790 81470 -3339 51774
L -61324 3062 -5561 -85979
L 79164 39469 -75402 -36757
C -54578 24461 85535
C 69527 16586 -49680
L 88250 34917 -43868 -33692
L 57910 34595 -89863 -51806
L 6439 60722 33225 -76044
L -38977 7656 28417 15697
L -80052 91292 88092 -39334
L -90852 46429 -14398 -50040
L -20175 76887 -85741 82276
L 42103 -96782 -17697 38699
L 85596 -68818 -38847 90844
L 42159 10735 -7864 4364
L -66608 58788 -7643 91938
C -26253 30967 48201
L 86909 -41048 -17134 77401
L -87962 43777 562 56383
L -67342 -37463 -24144 55369
L 99062 -27622 -16324 21901
L 51618 -77680 -89394 73599
L -11095 -98215 -14843 79091
L -83581 -77783 5990 -14478
L 62851 11144 -71838 90000
C -814 -4813 -81605
L -3043 -49248 -89403 34948
L -8715 70922 63943 17737
L -1083 88460 -66500 -27600
C 93381 -84389 -16053
L 7894 -39252 -2191 -1112
L 70312 -9971 -65385 80296
L 37664 -18919 -81813 23940
L -28001 -56260 43733 70379
C 85407 -67485 57171
L -6922 98746 77600 52994
L 87752 12951 -27431 67062
L 37804 -36238 52651 -37855
L 87252 -38864 -49993 98373
L 9096 -15984 -52111 -16496
L 98688 -81011 -14392 38341
L 32637 17033 -11471 2541
L -42597 -8740 95118 -33926
L -80102 -15392 1967 80991
L -44287 -8331 10613 -47896
L -16177 80078 -9238 -43501
L 1967 -49924 87122 41284
L -12344 19576 53780 -82198
L 46783 -67509 93228 -76512
L 64924 -86260 40604 -34804
L -66489 -77160 -99287 95778
L -65936 -27519 -6137 -92712
L -39198 15301 -54736 25041
L 76117 -8324 8359 76793
L -18120 -24386 85514 71719
L -47763 -32461 -43113 16216
L 9636 69449 13108 73198
L -93500 -57896 -29473 -47412
L 63457 -76685 72268 -53245
C 40390 -73973 -83609
L -79787 -54136 -53260 -60649
L -5813 -28738 50380 -66251
L 80162 -25913 -73432 71355
L -12828 -35662 -36248 15832
L 23401 -29216 -87063 -91221
L -71289 -92075 -79259 95512
C 62208 -55618 -73943
L -7708 59041 -82842 -66083
L -84178 77622 63235 62329
C 97604 -76870 12692
L -11034 -6294 58961 -66957
C -27526 -5327 -95541
L 20630 68004 -49611 3585
L 14804 -77653 -38971 -19409
L -66517 -5759 -95722 -72233
L 71077 17871 -53405 -52555
L -26039 -68059 25520 97016
L -63255 14624 -22054 -19268
L -206 -92882 99911 -19920
C -60263 -33685 58083
L -38291 83211 -52929 -41570
L 57949 -38995 61996 -14162
L 68943 80353 52904 31277
L 57150 -98514 15750 90068
C -28687 -46326 -8555
L 19127 99454 62079 -1971
L 88271 -4991 -95694 80647
L -57913 -98284 27288 27961
L 92903 -35931 -2579 -70683
L -39865 -71055 -79257 -1474
L -65125 95567 -68688 -73029
L -5222 7744 63791 3767
L 45034 46121 -5122 -41461
L -70687 99554 58746 -76397
L -4672 46052 -84516 -59313
L 32563 69444 79757 78511
L 80963 3367 20548 79676
L -32313 -10249 -35820 90407
L -56071 -63000 63228 -24243
L -73673 -75545 -89976 -88162
L 76699 -87900 92439 54119
L 18184 -21193 6701 83104
L -86793 17029 51821 -70211
L -97769 -80911 -69964 82178
L 6702 -35023 -60350 -22524
L -79298 95573 42320 38541
L -9177 66965 -7976 -86336
L -9995 72471 99868 56951
L -28161 -73229 -89293 86285
C -82956 95733 -6750
L 84058 19035 99277 18223
L -935 -90978 -49044 23348
L 52232 28927 -20834 18273
L -17384 -65706 -20852 -34242
C 67660 280 72983
L 49521 -27010 -64647 41252
L -30380 54006 -21144 79461
L 70161 73460 -15561 84595
L 99524 20118 91408 99862
L 73216 -98357 67632 18333
L -97336 70241 5042 15046
L 83684 -51110 -2580 29251
L -25254 -12212 19754 1139
L 23078 -93650 68458 90252
L -61862 68163 33517 71342
L 4416 70149 42538 52536
L -45911 -7888 33377 -28688
L -51880 -90908 48148 1226
L 5749 46520 15927 -17550
L -63890 -54240 -36657 -70142
L 94130 23688 -3992 61294
L -27803 22468 16759 13493
L -80471 -54462 -49192 30202
L 71204 -96020 28052 -47877
L -21347 49102 -98210 -59726
L 62834 79699 -3865 -32076
L 35087 90900 -26597 85265
L -732 -51490 -11118 -78733
L -92987 26292 -99054 20198
L 22369 89386 -14829 -76554
L 1466 2300 -26834 17703
L 51250 -4425 63130 -47932
L 43273 70610 -74477 -37296
L -23889 -2113 29954 -34459
L -96644 92202 58382 69900
L -52902 4076 -38439 -21562
L -90224 96411 -98712 74172
C 39958 -68033 -10556
L 68439 -9989 31610 49048
L 51099 47444 -11143 -47728
L 63220 42471 -9377 44986
L -48565 -36174 72300 64069
L 73956 97688 30372 99821
L 72839 73044 -43127 13342
L 31516 -30106 83934 58029
L 84286 33513 -93800 -47146
L -93114 4658 1310 -36152
L 42774 2043 55615 24646
L -27580 -61912 78793 -64777
L 33174 34471 -85751 77208
L -72967 68596 20600 26382
L 78106 -19791 -7354 10816
L -39371 2726 -98816 92626
L 7517 12673 -85156 554
L 83208 79285 11426 93178
L 57321 7287 -32387 -74750
L 90751 -90790 -73550 16894
L 86158 68161 12818 -12899
L -23200 -96385 -88301 93751
L 89330 48156 56371 -51313
L -97831 -87117 -41247 -95257
L 70742 56210 -16804 32863
L 59166 98509 31553 67918
L -96355 -37136 41558 -42056
C 53920 -54837 -29098
L 22120 -93296 -24274 9318
L -90226 -83073 77363 -88052
L 83979 40585 -87685 21905
L -87251 42471 87716 36463
L 14696 -61090 -27701 -70222
L -90110 8427 -9016 95187
L 82498 64869 -30378 32554
L 92430 38061 17890 5280
L -89586 3042 30138 49604
L -5225 17995 -78624 47643
C 2134 -91453 -84170
C 9037 2316 -71994
L 1200 -62673 31841 10093
L -12419 -45180 25070 -50104
L -21266 -64815 78976 -45874
L 76985 -59465 -11927 47797
L 58912 88412 83977 -42725
L -98064 -89431 13545 80850
L 97918 -17540 -28790 8996
L -94717 -16149 -88814 -89704
L 29991 28691 90353 69129
L 96774 -29577 -10264 -12435
L 91067 702 88888 60084
L -76983 -12724 -39780 76747
C -49343 -74074 39720
L 34746 85324 11770 68742
L -83240 19111 -89447 -63111
L 16383 -35013 -51576 -64263
L -96107 94329 18165 -43685
L -41904 44568 12171 31405
L 81659 -89612 29944 55772
L 43735 96866 -24753 97928
L -86471 42725 -16336 85706
L 62789 -16149 -84583 -10742
L -21294 -41593 60592 90958
L 85719 -21376 94646 -17805
L -32663 15474 74033 52447
C 77508 57643 73230
L 79467 -58187 52531 30438
C -63038 -20834 -38896
L 99871 51235 69989 56580
L 59004 6331 30244 -12630
L 28901 83910 -74344 -39756
L 7398 64590 62476 26546
L 12695 48956 12779 -91655
L -32108 57962 86881 -84432
L 86350 -85742 96213 72277
L -35070 -89403 72577 -59434
L 66027 -21134 30893 -62756
L -53641 58879 36212 48576
L -81066 -47114 12498 97086
L 12574 -88984 51475 -82117
L -71907 -73000 -26683 70241
L 99518 49179 77151 47553
L -25795 54201 9049 -93420
L -76505 54284 -4049 -4241
C 29543 -71702 99458
L -22549 -21629 29409 51984
L -96385 26172 -27380 -46196
L -27574 -39841 67347 84878
L -98794 83820 35489 -49297
L -95783 28482 -8613 -61754
L -17304 -60906 -77441 25715
L 27726 -58644 -8164 87185
L -96786 -77937 -50755 53549
L -71847 -91022 -81740 -6671
L 96831 78002 64738 66154
L -1567 -43894 99803 88908
L -1247 -27124 -99520 -37319
C -77754 -2417 95761
L -81051 -91255 61221 53571
L -48870 43956 -63560 -17342
C 60897 -44893 -13654
L -40896 2329 -11544 -26993
L 89370 -26297 98641 29473
L 21988 86757 -24421 54989
L -13662 -41992 -42236 97555
L 33340 1736 -29471 63847
L 56308 -18340 90996 18577
L -7892 75262 -4239 81566
L -72037 38535 -21031 38316
L 97437 -87644 78055 -2625
L -21967 -5730 -54872 68124
L -50404 42346 87823 94190
L 92271 28282 -54163 71387
C 86089 1331 -48077
L 9868 90607 91898 74782
L -87305 38025 18324 -77692
L 76147 37464 -34440 -42675
L -35174 -15099 27400 -56223
L 46994 62184 38002 -85019
L -77537 35727 43663 -95838
L 14251 73009 36301 75491
L -47760 -525 -76122 88733
L 44730 12262 -53789 66435
L 85329 33485 -63541 -95944
L -32816 -58132 67822 61787
L 21495 -96720 -29549 16515
C 60792 -17969 -61991
L 44521 43907 16226 20356
L -13269 -97801 -29836 -70231
L -93128 1235 25196 -28337
L -23620 9173 -47897 56581
L -34717 -1945 -66393 -14817
C -57586 -93557 -60165
L -71756 56994 -74550 41750
L 38566 90272 -41339 -11117
L -93338 70244 53300 -58155
C -55349 13590 -52906
L -85077 -79553 -7661 -32233
L -48482 68690 45871 1498
L 51871 98246 -44957 67237
C 73111 86787 99511
L 99495 -4644 -84067 25069
L -10437 -45905 65798 -35703
L 13113 84837 61619 -65959
L 39096 -86510 -67060 6259
C -72323 84067 -54609
L -68647 -80179 -88791 62922
L 79327 92254 3185 71343
L 51976 -11082 -12620 33185
L -71225 -23991 -69186 72846
L -90811 -69989 30858 34064
L -64368 -96209 10419 26477
L 88408 -66093 76404 73232
L -93118 -64115 65131 13004
L 80283 70726 -2920 -17779
L -51869 65118 58985 -57297
L 55509 1681 24567 -83637
C -93010 87360 6209
L 14415 -83815 46750 50117
L -28554 -34161 -47769 39474
L 97164 61060 29976 30523
L -90421 -65931 -21624 52661
L 27670 -95033 58550 9609
L -97472 31818 98265 -61766
L -38586 -38980 -45616 68125
L -27197 10790 -47685 7007
L 63125 92360 49895 -62185
L 25009 16966 -28041 60097
L 43248 -94647 -96278 77717
L 76223 -89399 89834 -46861
L -80562 78211 -8854 -66166
L -64018 29581 -24360 -77064
L -39542 -29765 -96507 18486
L -1614 46778 8873 7567
L 77147 -96147 -96753 78436
L 80779 36729 -35404 -23809
L -99646 -10065 -89227 -25013
L -56467 -28828 3714 -59170
C 65758 -23462 -89499
L 77027 -6770 -87688 20777
L 86086 42728 57176 95449
L -72074 -99477 62583 -6448
L 36775 -3786 351 496
L -84793 29697 840 63262
L 55136 -85453 -83216 -83257
L 45166 -57275 63976 41141
L 55694 -18072 43209 10669
L -21901 36179 -65894 -59967
L 19344 3673 -89275 -60430
L 99002 -70917 16081 42664
L -25819 66945 -51716 -51952
C -71421 -75012 14144
L -58736 78933 -42598 89324
L -99622 84143 -62629 49620
C 66565 43885 30684
L -27453 -17288 -54971 -49636
C 62443 46437 7395
L -77840 289 -11811 7398
L -19797 9805 -45362 57468
L 21857 21218 48527 60979
L -62256 -7800 87118 -82429
L -94685 -45095 -27704 -17303
L 7779 -56953 -37800 82037
L -59534 -22218 81480 -15613
L 22045 46535 46480 75298
L 28969 58094 -53702 -32204
L -97230 -86463 -2859 -59366
L 17941 -33779 37905 -45339
L -75733 57367 61833 58983
L -95096 32956 -55230 80053
L 66028 84235 64328 59926
L -113 32488 19904 65161
L -77456 -17129 -72168 -48678
L 94226 30729 80157 -2230
L -46198 -78687 -57177 63958
C -64932 -89562 86563
L 7768 -2284 4243 -83162
L -65506 -53650 -95282 -35179
C -18463 77280 60534
L 58498 5115 -33737 -22845
L 13742 11246 79025 40197
L -25946 34920 -62211 64331
L 78540 -116 -39986 38389
L 88973 -19417 45740 91363
L -59551 85563 -16071 -16163
L -49539 30195 80726 -66563
L 25986 -30380 68066 -63281
L -55390 31581 -10277 55539
L 46955 -78891 -73994 66972
L -16456 4566 -76010 -86038
L 92200 45613 27301 -11548
L -68518 -7582 -36312 87293
L -26531 78337 19455 -88907
L -89928 13265 -52143 -39633
L -12273 41637 31318 12953
L -50977 68619 -81579 96641
L 82614 -57577 9924 -44448
L 58540 50478 -83832 41258
L -94358 -28778 42663 49336
L 46322 5128 -3195 -14139
L 70631 -46814 -75021 -3520
C 64000 -84237 80195
L 63045 -38003 51766 76735
L -1496 -67309 66281 -76277
L -7942 -47762 20414 -22642
L 52084 -74334 38274 -12361
L -82232 -48085 85060 44257
L 17992 31025 61461 -68252
L -20789 42947 89727 52068
L -4 2459 11470 -75762
C 74151 -27765 71899
L -59979 -59445 96451 14827
L -25989 -42933 32932 -41392
L 70399 -48310 84212 12633
L 7152 -49853 99712 87744
L -8554 -32648 59015 35112
L -90280 45664 17527 81505
L -30026 -47541 11001 -40019
L -65419 -81105 72255 -21615
L -78636 3072 -3039 -85021
L -67634 74216 23356 31185
L -57480 -83801 91091 6610
L 71062 -45567 -40599 92468
L 31427 54889 83097 7640
L 68766 48142 41342 -94931
L 4517 95690 77151 46492
L 11162 -49909 5614 -82647
C 50803 -47509 -15296
L 62652 -28234 -42875 -17280
L -54081 -96956 -12576 -26180
L 44900 -27648 47166 -46494
L 37225 -95938 -40514 31039
L -12445 65791 -25652 49623
L -57227 -11700 5769 -81670
L -94698 83133 -18056 -54831
L -29564 79968 -88593 41690
C -30472 -82850 -67645
L -87410 -32107 72534 -189
L -49301 9822 -2336 48324
L 27699 41762 11839 57407
L 99272 54320 -73683 -96149
L -68082 55610 -82039 92178
L -63886 -31242 50292 -5108
L -26089 -16517 20615 34249
L 83237 94803 80934 6020
L 27523 80363 20176 94535
L 75344 89078 -25193 8167
L 81251 -70303 15276 -18537
L 75857 15714 37310 -60889
L -58605 10943 81041 46493
L 27203 46249 -32980 62717
L -6603 -19894 -85861 19848
C -81682 96282 2696
L -13541 51048 78710 75524
L -57144 -2867 73809 63083
L -51488 72409 -71212 82218
L -99586 98138 26600 98611
L 81488 81789 -18531 93283
L -25313 -35512 -91843 -96509
L 19045 24888 -78094 -80535
L -30467 -80947 -47928 15061
L -94518 -38904 55367 76194
L -22583 81845 33026 66199
L -63699 19255 -21539 47354
L -20888 38527 19770 -76626
L 33373 79227 -92233 57011
L 77330 36637 -29039 75529
L 78442 17343 49569 -29413
L -25491 -90852 14103 -68676
L 62696 -31185 -37490 -90301
L -48853 -65504 -65726 -56251
L -95121 -7526 14618 63876
L -70680 -72144 -1623 -71158
L -5702 19218 -76026 -33974
L 83924 89923 34360 -1530
L 10847 -61057 -73532 44039
L 45563 -96632 78484 -70563
L 99998 -63980 50203 80808
L -67222 -93786 39245 -41177
L 30861 -36258 -45023 99089
L 50130 85959 39722 54349
L -32434 4445 -2013 -22320
L 16651 85819 -34945 -44440
L 22900 86012 46786 77925
L 32614 -93892 -11485 97457
L -4380 92648 -80882 -45607
L 8980 -89563 38407 90494
L 3551 2282 -9687 -98326
L 25470 -22598 -98393 -63613
L -36243 -98875 42216 99038
L -79120 98368 48188 67774
L 85198 24304 -66139 -1715
L -53810 -71322 93946 -3785
L 44888 -967 73045 11386
L -18060 -81303 93595 -55477
L 45879 -71619 -19074 73810
L 4307 19683 69232 -54024
L -44616 27748 53119 -31348
L -27324 74793 -84527 -58051
L 78400 -74430 59630 21207
L 754 77774 38658 90972
L 54399 21502 3949 16339
L 94028 29537 -5628 16187
L -58219 38629 3922 -66539
C 84236 -49093 -58419
L -48152 -43261 -60326 85079
L 50062 18761 -35831 32748
L 33367 -44394 28407 -44626
L -16362 45231 21390 50639
L -97322 -60431 77088 41680
L -64578 -28068 -21682 79863
L -34213 -25519 -21069 -72764
L 38684 84962 -95873 41281
L -68290 -90898 -58155 -78740
L 20508 -70207 26337 -72575
L -62763 21303 71574 -60840
L -18684 57675 38849 -60687
L -22149 48489 -22481 -68535
L 26773 -43896 79243 86692
L -17627 -76785 80120 63619
L 64415 55294 88732 -61187
L -30163 20198 -9883 25236
L -82910 -48009 89760 82279
L -14470 -32409 -1841 -46369
L -73157 27718 99601 79454
L 1352 47414 -38192 11625
L -79832 -32011 7597 88922
L 27753 -97286 -85731 -72363
L -5416 -85559 43074 839
L 80392 -30054 -15571 16507
C 88082 68715 19426
L 10526 -90970 -45070 -64845
C 57540 76635 73102
L 40976 -32332 65608 -22341
L 41562 -46665 -63906 52623
L -14215 -11563 7720 80026
L -77005 -47273 -42196 2040
L 9042 8216 -2778 74637
L 55211 99603 -82676 10718
L 62033 -93916 -99127 -2272
L 84655 -26655 25702 -73375
L 50795 -49133 -65381 -49843
L -29452 -47392 -43617 39784
L 37546 -15191 -10653 -14262
L -73603 11426 96577 19392
C 69058 35957 -38190
L -34297 -43367 -7308 46756
C 39115 -35892 -63577
L -96951 -99759 33105 -32180
C 69108 35250 54331
L -98550 -5976 -31497 -25435
L 20840 84466 -48141 2958
C -40674 -41167 -91261
L -89469 49393 -36687 -51087
L 5118 99950 -9711 95094
L -89363 18871 48430 23298
L 60558 10376 5253 -68311
L -92375 -22807 -83832 -33792
L 29540 28872 51473 4658
L 40532 -77044 -47475 57757
C 80071 24098 -36196
L -10962 93364 -40339 87944
L -408 33838 -39727 -85617
C 45785 -81518 43484
L -47068 -80110 30867 64070
L -47875 -44809 -97448 54335
L 42559 -25021 -4552 -27451
L -45923 23909 -62170 81188
L -77113 83329 -76657 32675
L -13882 -41822 35151 28120
L -65373 84194 -60714 -51764
L 56739 51688 8662 94819
L 6364 18514 94669 95168
C -46910 15051 -89939
L 83090 -16050 11763 -39041
L -65889 76826 -71644 -92372
L -85502 -37147 62689 -28780
L -67859 38524 8693 -62688
L 34804 69092 33201 88738
L 56283 37685 54338 -48397
L 77130 41821 -37043 -22855
L -49726 -94205 88355 49039
L 4844 15277 53785 76667
L 78090 -1755 40910 -31504
L -38490 -85000 37894 -14743
L -68938 53053 66242 40774
L 260 30541 61531 -69135
L -58422 -91062 -89057 19677
L -18518 61371 59805 9755
L 22032 85934 45879 -79463
L 56550 8833 -96551 -15536
L 38235 -92547 72195 44735
L 14086 -73955 73006 91544
L 73366 63919 67208 96342
L 53866 98767 -19081 -14375
C 67105 53369 -63093
L -75253 39164 91344 -62552
L -98442 56328 -19492 -97287
L 40712 -97675 -70385 -18552
L -65744 3187 -58686 -63150
L 61528 6016 -19559 -81886
L -60826 68576 65427 -37550
L 49922 46500 -64360 -80366
L 38439 -73131 25121 -18019
L 5804 56023 33349 -2496
C 58934 92141 25682
L -29960 13806 -2883 -69801
L 81515 -43919 -53864 13173
L 13566 46828 -68639 -5689
L 32848 69672 -92137 28395
L -72424 62237 -26384 12507
L 93734 -15481 68509 16772
L 21067 -10424 -92631 14340
L 73425 63018 90283 62516
L 10750 -45427 33349 -60769
L -64568 52598 -46975 40805
L 75214 27462 -40977 -33409
L -65096 -8930 66828 65225
L 10440 -38397 93425 -94493
L -84628 -48251 74407 -81217
L -64908 -82402 -48483 -10250
L -1185 -72573 -55470 -21006
L 14349 72943 84614 91748
L -93385 42537 81810 -98981
L -36943 30993 21552 28251
L -34007 40287 -12242 62061
C -59954 59526 82307
L -75219 -17490 -28950 -75719
L -91460 65217 -17242 -85309
L 13390 -41125 38833 19986
L 86228 17935 23772 -2499
L -7552 29340 -99421 -10556
L -98437 78215 -40508 -48243
L -58030 63433 -68802 -2917
L 62763 18036 -75894 24158
L 36068 99036 48558 -37835
L -88931 -71305 33271 83515
L -25968 49585 29540 16893
L 56203 -35694 -79094 -32889
L -42390 98499 -19486 27612
L 83652 89747 42032 -58548
L -7893 61030 -92819 -79591
L 27476 24167 -21741 -26349
L -44953 38662 -97892 -83990
L 85456 34351 -36617 -45999
L -56015 10727 44303 -18819
C -69507 59607 39814
L 45621 40779 99533 -52490
L 60481 71969 -30433 50795
L -89880 -65215 44406 -76878
L 17125 21641 -49959 -47719
L -36995 -7802 -50623 -85225
L -72849 62126 -40601 49283
C -48775 83770 89387
C -7312 6626 -17099
L -76276 42819 -26319 78546
L -7935 21851 -23588 54050
C -5942 22438 -92714
L -86632 -92307 9271 -62804
C -5105 96779 8364
L -506 45862 -61129 24861
L 61897 -9791 53318 66300
L 35872 -62351 -47833 -21027
L 39785 28531 58668 -7536
L 23824 -6356 -51623 -96435
C -13138 18746 -51366
L 96429 -77993 71780 -65140
L 42382 -25759 -66653 -94415
L -25434 29746 -18337 4084
L 5641 -52324 87753 -75973
L 74428 13511 31855 89547
L -14918 -22774 56145 91897
L -58840 -85889 31096 -54937
L 71804 64895 64875 75526
L 1664 -60895 43183 7150
L 38414 -9512 -43828 77456
L 26041 83950 -13384 97391
L 52695 99183 72545 -89022
L -53103 -97109 -86948 62887
L -83321 -94039 38931 -14980
L -45672 -5590 84577 -38174
L -36599 -31484 -7948 33874
L 26492 27488 61505 -61414
L -66761 -13915 31472 -96308
L 51771 -18915 8747 8706
L -88528 36255 40278 89867
C 1558 -99071 53584
L 46855 -68433 -59618 -43747
L 51037 -5118 20229 -48030
L -54894 -38780 63209 -76276
L 3057 -78988 72514 28889
L 5590 -36282 61644 -3529
L 91025 48377 87083 -24036
L -73610 -38752 -80172 -78504
L -88110 55884 -87679 1395
L -82756 -94197 20468 -47182
L -6248 52488 28953 395
L -16497 60357 -38086 97037
L -87870 -32449 -12105 -29979
L 23072 62867 65863 89862
L 21967 6655 -7658 39381
L 1515 -85085 -52977 42999
L 16187 99385 20557 -24880
L -94208 -87523 -87411 65464
L -57774 73129 31906 9844
L -79444 -19599 80889 -72051
L -36964 -74199 26832 63666
L -35819 -12972 -27654 -7872
L -41076 49300 -52180 -37833
L 6715 5408 -44452 -53824
C 65059 -40785 -55116
L -56751 29045 89916 95318
L -11864 47324 33892 21983
L 74842 -3817 55287 81922
L -65617 -53910 51941 93161
L 12596 3251 67581 -8128
L -44391 16229 -20612 15878
L 3981 -52103 76307 -13616
L 34992 45659 64485 24757
L -65310 -8121 84601 19647
L -57820 -30976 -9496 40794
L -86052 -55 57049 91446
L 24878 1427 50991 88569
L -89284 28562 78176 -94583
L 89568 -75293 -97705 90406
L -55039 -56878 95051 -3486
L -53294 -78292 -14671 -260
C -69977 25274 81329
L -45924 69588 51281 -64591
L 57939 58336 -43745 58507
L -99354 88806 33874 -95145
L -48495 -21957 -77148 -52357
L 16032 -12272 -70233 18033
L -94707 -76080 72603 -45031
L 18755 -9475 47554 44235
L -76678 14246 33989 38594
L -41639 75171 20147 -53915
L -92201 13742 79096 52036
L -23910 91618 -57421 -80006
L 81949 58604 -74570 69185
L 78599 -86901 13914 -84159
L -93817 -29861 40420 32164
L -77433 51305 46765 -69613
L -19392 31585 -4100 -13140
L -93922 -59428 62616 8741
L 43716 74511 67408 -49532
L -97835 36886 89503 -42456
L 67138 -23263 -19223 32567
L -82758 53551 -9973 36781
L -18662 33480 99105 -80793
L -77391 49805 34663 20672
L 63125 -20383 34198 -88077
L -35566 -53612 -10247 -2757
L -38023 -63310 -4512 -50894
L -55328 -21623 -74865 27919
L 50301 -42347 77795 33421
L 92217 -91683 84850 88557
L -24706 80898 4234 -58322
L 70099 -22268 -70468 1508
L 54508 -10282 -49074 -52249
C 73343 55914 -728
C 34740 -54887 -33129
L 25833 54616 3656 46363
L 87168 2292 74429 75084
C 57460 49258 -87740
L 45062 28996 54224 -47893
L 80894 -44358 -98761 -31311
L -38985 66181 -41456 38276
C -24524 -70508 22521
C -48174 -78987 -3687
L 95198 76341 279 50245
L 43937 82602 66415 -31344
L 84118 60800 -17253 -96528
L -72844 -45122 27354 -86354
L 88320 -45325 -69985 -97593
L -25701 -5215 42573 93045
L 962 24918 -46313 72115
L 13518 -8515 15800 26571
L 99287 55144 -65365 -16860
L -79988 79474 33319 -16189
L 51346 85618 -89380 -38935
L 2284 -19292 -44869 67645
L 49084 -65422 36502 15584
L -83627 71028 67150 15279
L -58096 -44504 -28862 22949
L 33172 22548 -36406 -30842
L 76 91391 -31827 -20127
L -81527 -37334 24894 -29551
L -68752 -4877 61129 27156
L -91814 -72015 56666 -3378
L 937 50678 -79584 -74163
L 34412 77794 -86377 -29481
L 11043 17179 86474 -52543
L -58138 32046 -72335 7536
L -2443 -88115 6579 -52389
L 83385 -98174 -65988 -33253
L 84993 46138 4348 -14228
L -55007 11275 -47455 12861
L -98181 70406 46314 -27655
L 9672 -58712 -5741 -85338
L -3417 39795 38928 86171
L 65275 57694 -36363 74676
C -42999 -12238 95919
L -25859 -84663 -8790 -45727
L -88412 36659 59921 -12583
L 97161 30881 17108 61695
L 43734 -58106 89308 64521
L 87511 -79518 -57143 -3540
L 66240 -52163 -48665 95454
L 16301 4376 70009 -20565
L 40710 -86419 25322 -53177
C -56823 29744 -17459
L 28194 -85574 -11476 -77319
L 26681 -44733 69270 -63648
L -71267 43316 35140 -54680
L 10086 -89413 70297 38120
L 44935 -78193 -26656 68737
L 78840 -10548 -85627 41229
L -20443 -51127 64939 -26417
L 93642 -98416 25882 31688
L -58948 -70162 44040 -92735
L 45592 87133 -35492 -11479
L -63818 24438 56802 -8940
L -14059 -23763 46244 38177
L -52195 54280 36395 -82938
L 91873 -92577 -25292 -54729
L 99899 12853 -54337 72691
L -9884 -91505 -51754 -29514
L 913 -57690 -34188 13049
L 56970 42829 23128 73140
L -13813 -48533 59486 57410
L 32581 10238 -27544 -77336
L -14348 -51201 73250 23256
L 85195 87639 -77072 -85264
L 9684 -53487 82982 -21200
C 7772 -24481 48658
L 13668 17570 -57560 -67385
L 34208 -5456 53730 -33453
L -11072 -38227 -98796 -94539
L 7290 -57838 38568 24242
L 26613 -83420 -94426 61095
L -79520 13720 -14405 39662
L -27252 -66450 72465 86912
L 51463 94066 7153 26509
C 80110 37255 -5271
L -20126 4418 -83292 70614
L 38451 -12246 65648 11485
L -8302 -87825 2161 -12863
C -27401 20592 11324
L -68396 -35550 34236 -26529
L -17591 -36369 -21406 -8998
C -45185 21546 65293
L 1636 19727 60939 -48156
C 29635 -37044 -12493
L 74702 49963 -25853 82309
L 8830 -23621 -89792 -59841
L -81263 33617 91735 -96420
L -73709 -16905 -66090 45888
L -92607 -23777 15764 28713
L 62685 93653 33479 33860
L 56798 -36531 -56178 59224
L -94885 -97455 -38514 50772
L 99358 19102 37182 64271
L -44004 58001 22502 69662
L -26758 -40912 -89533 80023
C -83278 45252 43153
L -61527 -50924 -93505 -44510
L 18040 -10249 40325 -62186
L -93711 -23643 45098 -27527
L -90832 -43619 -94750 32550
L 38047 -23900 -4180 4806
